Total Trajectory length: 750.052m
>> visual_floam

origin =

    2.6166   -0.0336


meanerror_fusionx =

    1.7362


meanerror_floamx =

    2.3716


meanerror_fusiony =

    1.5374


meanerror_floamy =

    2.0896


stdfx =

    1.6626


stdfy =

    1.7788


stdfloamx =

    2.5543


stdfloamy =

    2.6243