Total Length: 2523.6m
>> visual_floam

origin =

    5.3632   -0.2886


meanerror_fusionx =

    6.6482


meanerror_floamx =

    6.5666


meanerror_fusiony =

    4.4810


meanerror_floamy =

    5.7207


stdfx =

    8.1763


stdfy =

    5.5626


stdfloamx =

    8.9837


stdfloamy =

    6.8306